#Data Point Listing of File C:\Documents and #Settings\NMR\Desktop\FPraktikum\2021\17122021\mess_1_45.6mhz.tnt
#Starting Point:	1	Ending Point:	1024
#Real	Imag	kHz
-11052.406	-13701.406	1250.000
15401.406	9565.547	1247.559
-25204.313	15474.191	1245.117
9441.484	17417.539	1242.676
6625.641	22868.486	1240.234
-5340.000	-18527.016	1237.793
-15171.961	-716.781	1235.352
-1135.928	1740.391	1232.910
6653.488	679.516	1230.469
3786.023	-184.250	1228.027
-14592.156	15794.207	1225.586
-14156.750	5299.010	1223.145
-160.391	-2222.660	1220.703
15057.711	-7007.445	1218.262
-10896.430	-3147.266	1215.820
-5327.525	-2450.984	1213.379
8496.602	6096.016	1210.938
-764.117	879.563	1208.496
23334.313	-32598.916	1206.055
3414.594	-12667.271	1203.613
7441.281	-15120.431	1201.172
7926.242	20627.758	1198.730
-19046.234	-8300.625	1196.289
-3897.197	5851.555	1193.848
71.447	11213.109	1191.406
5980.934	-110.258	1188.965
-4111.680	12800.664	1186.523
-729.703	8813.086	1184.082
-10803.734	-5515.700	1181.641
-18060.125	-6299.766	1179.199
13288.578	-4381.813	1176.758
-18105.844	26945.359	1174.316
-7762.836	9203.563	1171.875
17398.000	-31574.719	1169.434
687.230	4145.125	1166.992
-8153.617	4048.938	1164.551
-4911.031	7547.063	1162.109
-4559.313	9837.719	1159.668
14006.906	-6163.953	1157.227
2267.031	-24826.281	1154.785
14788.250	-15356.234	1152.344
9317.094	6458.270	1149.902
-7804.125	-21525.906	1147.461
4432.469	-14000.422	1145.020
-12261.656	5796.109	1142.578
911.250	3019.656	1140.137
-797.313	-1524.563	1137.695
-3107.734	-13368.344	1135.254
-408.500	-30293.000	1132.813
15897.641	-1808.750	1130.371
-5358.953	7749.750	1127.930
620.063	8330.813	1125.488
-5687.000	18183.828	1123.047
-4203.281	-8188.000	1120.605
-2190.656	-8897.271	1118.164
12218.375	-11682.891	1115.723
26881.063	-2075.391	1113.281
6584.578	13191.813	1110.840
15811.961	-20766.016	1108.398
14906.771	-9790.859	1105.957
-3523.584	-2703.078	1103.516
-13797.773	5915.617	1101.074
-7271.523	6874.969	1098.633
6549.617	-7724.852	1096.191
-5889.914	-11816.411	1093.750
11027.031	4369.441	1091.309
1417.273	-15214.602	1088.867
-26328.219	-3877.984	1086.426
18555.887	-3641.336	1083.984
1174.291	5851.508	1081.543
6550.113	13278.555	1079.102
10566.988	15741.453	1076.660
9590.242	39.193	1074.219
-12307.219	-17362.137	1071.777
-11682.803	-15427.388	1069.336
-7611.305	5385.068	1066.895
10200.510	-12519.504	1064.453
14473.297	6643.969	1062.012
14888.996	-17453.883	1059.570
13205.732	7489.263	1057.129
17759.059	5086.441	1054.688
-6795.648	-8872.725	1052.246
-17285.219	2919.130	1049.805
-16307.377	24895.465	1047.363
2624.336	-15719.416	1044.922
-13522.915	-5369.401	1042.480
5802.928	-3206.306	1040.039
-1360.273	3424.914	1037.598
-7207.769	1989.543	1035.156
-1731.564	19852.697	1032.715
2405.526	8181.610	1030.273
7054.560	-11779.388	1027.832
-11778.654	-6981.228	1025.391
27733.574	2065.810	1022.949
-7380.740	17895.709	1020.508
-21774.664	-7287.077	1018.066
-2370.479	-3961.729	1015.625
-6798.679	1262.677	1013.184
-9258.560	-7973.542	1010.742
7410.509	-9084.809	1008.301
5265.296	13827.685	1005.859
5097.952	18704.168	1003.418
-19544.318	-8354.828	1000.977
-2708.557	-22697.938	998.535
2935.561	-5544.654	996.094
-1031.100	13794.374	993.652
-35873.785	11840.767	991.211
46.158	-1785.619	988.770
11833.422	-5508.731	986.328
964.791	-33948.305	983.887
-10955.362	-4417.855	981.445
17869.727	-2729.589	979.004
3622.802	-1734.511	976.563
-5967.818	-12538.213	974.121
624.409	2542.322	971.680
16837.543	-6228.607	969.238
6981.676	763.919	966.797
2988.056	10221.992	964.355
-13013.303	-17097.465	961.914
-17488.922	5695.589	959.473
3699.341	1164.332	957.031
16849.305	-6899.738	954.590
12137.726	-12393.559	952.148
-2256.402	8222.908	949.707
-4018.834	9762.516	947.266
7828.197	-14246.604	944.824
-7461.792	-13398.650	942.383
-12334.580	-15236.625	939.941
2791.784	2820.733	937.500
-15832.547	6437.826	935.059
-5260.370	-6008.567	932.617
2499.603	15504.891	930.176
19634.238	31334.352	927.734
-2487.367	5444.139	925.293
-23298.863	13724.039	922.852
-4537.355	5291.162	920.410
144.631	3735.976	917.969
-17155.771	13227.229	915.527
16219.210	10705.219	913.086
-353.746	-4227.633	910.645
-5480.769	5268.991	908.203
29401.184	-2779.909	905.762
-699.134	6939.115	903.320
-26564.803	-92.328	900.879
-16582.023	6360.227	898.438
5759.518	1251.557	895.996
5107.669	20318.381	893.555
-19868.059	-1852.078	891.113
1095.692	-1349.183	888.672
-8381.924	-7319.897	886.230
1373.323	33296.660	883.789
-8080.701	-8634.004	881.348
7479.865	802.931	878.906
21999.145	15250.182	876.465
-20188.305	-22908.061	874.023
1750.419	19831.840	871.582
-15916.093	-8523.122	869.141
-2890.581	-18531.883	866.699
-4533.620	24027.053	864.258
13267.340	19828.869	861.816
-467.138	-25586.715	859.375
1997.694	-31565.121	856.934
20471.313	12481.723	854.492
10604.439	15672.320	852.051
15299.199	18649.471	849.609
-10774.207	5118.974	847.168
8785.979	-1930.659	844.727
-17119.537	4869.953	842.285
348.743	-11087.945	839.844
24112.758	1371.466	837.402
7017.388	3697.405	834.961
-8923.836	-120.588	832.520
2002.268	1171.429	830.078
-810.023	9331.982	827.637
4276.017	12383.732	825.195
261.885	6846.411	822.754
50.994	1541.348	820.313
-4179.874	7476.108	817.871
-21783.180	10025.024	815.430
8775.828	-12092.271	812.988
18929.633	1073.067	810.547
-18536.307	-10401.248	808.105
4056.452	-14421.085	805.664
-7657.701	11748.345	803.223
-12045.240	2218.799	800.781
10219.549	19467.215	798.340
-9332.397	25158.609	795.898
-8823.584	13126.366	793.457
-6226.603	-19569.285	791.016
-13170.368	-8335.260	788.574
-15844.887	4633.320	786.133
8704.621	19235.629	783.691
17350.113	-4432.261	781.250
3041.760	16543.955	778.809
-18211.273	-3928.983	776.367
1740.835	15524.805	773.926
10894.229	5831.502	771.484
11049.986	7058.712	769.043
-8596.337	1980.195	766.602
-16226.885	2818.006	764.160
-15651.088	13559.969	761.719
-7534.023	6564.032	759.277
27718.416	27115.855	756.836
6623.601	-510.834	754.395
-11634.616	11060.079	751.953
-797.367	-9432.229	749.512
7319.771	-8689.844	747.070
-12211.289	-6817.940	744.629
3608.626	10795.470	742.188
-10269.733	-10799.346	739.746
-23732.107	12104.756	737.305
-2396.689	5621.813	734.863
14859.711	-1630.138	732.422
11286.164	8716.495	729.980
2320.575	-9293.626	727.539
11.539	-8326.832	725.098
19278.973	-3859.524	722.656
2102.739	10471.266	720.215
-21939.309	-3656.364	717.773
18442.469	1969.680	715.332
3628.189	3646.980	712.891
1240.140	-13516.303	710.449
11813.830	11613.371	708.008
15755.227	-5746.631	705.566
-2389.961	-9038.093	703.125
13834.702	-8229.587	700.684
2876.172	13567.365	698.242
-501.247	8426.230	695.801
-24601.289	-16388.619	693.359
12413.160	-16380.559	690.918
-5018.606	8439.926	688.477
-237.634	-12480.728	686.035
-10273.590	14725.585	683.594
-1589.233	7986.118	681.152
8726.101	5167.439	678.711
14143.656	-21692.801	676.270
3996.190	914.860	673.828
14761.571	7331.531	671.387
-23753.773	10227.939	668.945
4027.223	21975.133	666.504
11578.595	17499.375	664.063
-5089.419	-2394.515	661.621
17402.418	35501.117	659.180
-11244.294	4922.330	656.738
22911.107	30632.316	654.297
-15835.442	26866.359	651.855
22082.633	14196.035	649.414
-7041.794	9815.271	646.973
12736.420	-12098.780	644.531
-14702.030	-11041.625	642.090
-15028.452	10096.146	639.648
-3847.270	6927.781	637.207
18069.701	-2328.253	634.766
-17036.645	-13527.945	632.324
15752.054	-4537.393	629.883
-4919.135	3631.817	627.441
-4769.844	4484.094	625.000
4301.681	-1289.139	622.559
-5369.154	-27329.195	620.117
5991.951	-37233.840	617.676
-5591.993	17843.125	615.234
-12981.687	8115.256	612.793
-30529.453	26177.676	610.352
-4238.218	-12540.601	607.910
-3860.604	15368.752	605.469
4338.307	-14677.204	603.027
4841.419	17109.785	600.586
-7570.630	21307.488	598.145
9341.096	23717.898	595.703
34245.520	-7365.731	593.262
2212.867	33504.395	590.820
6363.668	21873.465	588.379
10684.381	17374.268	585.938
8648.679	-2093.001	583.496
7032.705	1266.589	581.055
-3686.842	11.240	578.613
10385.333	-2118.324	576.172
30150.088	13046.707	573.730
11329.330	-7088.837	571.289
12861.077	31072.699	568.848
1495.735	2482.860	566.406
1066.721	-4054.015	563.965
-4445.136	17309.254	561.523
10132.775	8996.440	559.082
-2672.756	19429.867	556.641
2582.702	-1945.135	554.199
12952.217	-32600.680	551.758
-14242.841	12161.588	549.316
38883.164	-6609.897	546.875
3475.740	15357.126	544.434
14251.524	-2789.628	541.992
-3343.814	9638.871	539.551
-6086.802	21604.289	537.109
-8349.016	-2433.458	534.668
-38031.258	-4463.938	532.227
4001.353	11963.657	529.785
9273.883	-2430.590	527.344
4572.724	23186.496	524.902
10435.772	30320.609	522.461
-4832.026	-20799.508	520.020
21641.563	33798.613	517.578
-2448.993	7043.928	515.137
20458.934	-889.085	512.695
21907.609	19413.801	510.254
-18993.824	-2217.275	507.813
342.440	-2582.874	505.371
-5670.924	-11959.006	502.930
8677.471	25890.238	500.488
14055.210	22136.559	498.047
20325.000	21273.000	495.605
-6493.307	-1968.049	493.164
2925.334	19026.707	490.723
12601.842	9287.702	488.281
-12428.449	8143.928	485.840
16069.885	-4163.799	483.398
-8640.737	9617.456	480.957
-20118.410	-4295.063	478.516
26378.336	-2787.178	476.074
-8825.640	3209.608	473.633
2382.132	20402.754	471.191
8505.335	4731.381	468.750
-375.448	-32321.859	466.309
-1508.803	-20601.684	463.867
-1121.303	22376.773	461.426
-32294.348	-5183.740	458.984
-6646.546	9777.066	456.543
16784.211	11564.528	454.102
27798.848	-11684.188	451.660
35913.137	-5572.429	449.219
17557.791	-3272.874	446.777
17644.832	-34258.406	444.336
-5832.689	32316.707	441.895
-19123.951	-28210.719	439.453
-3141.169	-17561.363	437.012
-6086.563	-9598.843	434.570
-19768.576	37675.918	432.129
8027.503	8775.841	429.688
-3574.384	921.040	427.246
18389.531	-17837.867	424.805
-13346.966	16788.574	422.363
-14946.482	-6562.762	419.922
-14172.264	5297.687	417.480
4032.905	-2929.522	415.039
-286.967	-1951.671	412.598
23934.168	-7013.666	410.156
-5477.018	-5189.360	407.715
11409.842	-3654.374	405.273
-6434.372	-2251.757	402.832
-2025.311	-5200.215	400.391
-7023.277	17274.266	397.949
5963.170	-15511.198	395.508
-3808.652	-15288.115	393.066
-124.763	6775.371	390.625
21043.725	-16197.178	388.184
41899.973	-5753.724	385.742
-41399.832	4950.512	383.301
3938.203	31845.943	380.859
-10596.707	-2362.937	378.418
-20557.809	-3036.920	375.977
33201.465	17658.078	373.535
6546.335	41704.520	371.094
-37602.246	16412.494	368.652
19154.031	-1860.464	366.211
11688.785	-16356.765	363.770
-3276.704	18897.164	361.328
1139.792	-3921.347	358.887
-7023.108	-2574.941	356.445
26779.344	-4816.396	354.004
-14375.053	-1521.396	351.563
5218.024	-14569.115	349.121
-284.025	11734.028	346.680
7077.826	3813.540	344.238
-7847.947	10254.635	341.797
-15266.844	-4466.378	339.355
-15658.876	-32744.727	336.914
8625.546	8092.783	334.473
5830.038	-2988.877	332.031
-25608.676	-9166.418	329.590
-4952.343	7585.514	327.148
-1755.782	3268.940	324.707
-12550.352	4848.927	322.266
12349.188	-2011.861	319.824
-1853.002	13927.430	317.383
13869.765	16248.705	314.941
16364.590	-8016.842	312.500
10141.838	30181.891	310.059
-5504.688	-12871.501	307.617
-8473.635	2865.360	305.176
16830.334	21043.672	302.734
8752.531	2119.943	300.293
4587.842	27964.402	297.852
-10959.666	-18108.629	295.410
-3824.347	20633.957	292.969
-5249.925	-11863.283	290.527
12828.450	739.127	288.086
18053.297	11511.826	285.645
3704.777	23323.277	283.203
-6016.500	1144.669	280.762
9071.393	20453.123	278.320
15567.201	-1980.008	275.879
11755.623	-19593.383	273.438
-11557.349	-2801.819	270.996
13374.027	-8865.511	268.555
14161.620	-23549.684	266.113
-1653.248	19261.469	263.672
-28598.414	-13376.734	261.230
17488.301	21204.215	258.789
3642.162	-3866.447	256.348
3221.414	42527.594	253.906
26500.270	6687.203	251.465
-12648.623	-1833.549	249.023
16767.104	-9392.484	246.582
-36522.484	7483.275	244.141
197.052	7614.899	241.699
711.817	16505.936	239.258
-11869.170	-15716.553	236.816
30524.502	9686.588	234.375
29324.488	-10709.039	231.934
-7455.129	-21402.527	229.492
-2183.393	-4446.106	227.051
13192.861	7111.029	224.609
-5567.358	11142.471	222.168
19307.969	-3739.925	219.727
6152.815	17136.492	217.285
-8273.129	-9792.307	214.844
16502.873	22448.004	212.402
22444.176	12204.472	209.961
-16363.549	-26119.484	207.520
5819.140	6446.537	205.078
-14348.313	-10411.730	202.637
-6366.140	-10988.408	200.195
24304.063	12629.376	197.754
-5169.350	52136.656	195.313
-16374.854	19009.461	192.871
-3815.266	260.615	190.430
9460.855	7314.079	187.988
33959.063	-4582.525	185.547
21900.154	12166.602	183.105
9103.457	2197.610	180.664
-15418.667	2758.905	178.223
10727.168	-8314.222	175.781
26899.611	1838.423	173.340
1012.321	-21184.572	170.898
-4222.175	-37953.180	168.457
-21931.291	-20277.070	166.016
16911.168	22739.602	163.574
25710.719	673.706	161.133
13443.083	4649.407	158.691
-16647.398	-19433.820	156.250
-5078.193	23172.848	153.809
-6455.446	-504.632	151.367
21526.236	3378.229	148.926
10441.211	1463.042	146.484
8464.611	10870.406	144.043
-6958.069	2782.680	141.602
-7654.479	18594.740	139.160
11788.720	29005.469	136.719
7985.689	-3327.875	134.277
6987.418	-29917.914	131.836
-30159.086	3032.385	129.395
104.563	23397.707	126.953
-8506.771	39433.441	124.512
-6608.461	20310.234	122.070
-20336.473	-16674.695	119.629
-1780.459	34275.805	117.188
-34224.352	-976.916	114.746
-7946.937	-9808.936	112.305
6482.179	13521.414	109.863
-6678.044	12262.997	107.422
-22909.850	-25453.309	104.980
-2389.260	26876.957	102.539
17645.883	-15687.199	100.098
-7724.157	-343.934	97.656
-30888.832	38811.070	95.215
-450.196	51309.797	92.773
19612.074	26082.740	90.332
-14939.274	-5257.862	87.891
7008.622	44667.129	85.449
16046.401	34265.461	83.008
27389.105	1185.212	80.566
47914.766	19191.102	78.125
25707.424	-9262.801	75.684
18588.658	1564.232	73.242
21774.836	-50.855	70.801
22029.367	3118.727	68.359
23247.234	-35017.996	65.918
30925.789	-12200.710	63.477
927.101	-29225.555	61.035
-25262.797	-6442.609	58.594
42518.891	15772.191	56.152
12830.372	-3723.676	53.711
21386.564	-40273.430	51.270
-36812.992	-720.559	48.828
-29274.371	36988.055	46.387
-24633.500	24199.168	43.945
-952.054	29647.432	41.504
-6520.569	44705.102	39.063
58382.184	28184.109	36.621
62879.523	29648.811	34.180
41771.844	-1029.800	31.738
88178.328	-19737.789	29.297
72832.930	-41453.383	26.855
63359.195	-48433.699	24.414
-30825.031	-114307.125	21.973
-56832.887	-135573.031	19.531
-69035.641	-97088.109	17.090
-137631.391	-62979.891	14.648
-204178.125	28303.266	12.207
-182014.516	76631.453	9.766
-148818.563	177530.156	7.324
-120351.641	225436.453	4.883
-27194.344	307351.438	2.441
122901.781	306268.656	0.000
203309.281	257597.828	-2.441
317121.875	144971.141	-4.883
310145.500	14694.943	-7.324
331058.000	-76365.930	-9.766
280483.250	-214198.484	-12.207
174813.938	-266443.125	-14.648
1121.917	-322700.750	-17.090
-55323.910	-296781.438	-19.531
-164272.375	-211937.719	-21.973
-222927.469	-105391.297	-24.414
-251473.938	-24681.582	-26.855
-214921.516	60636.664	-29.297
-145377.063	194142.000	-31.738
-67741.148	197887.563	-34.180
12689.604	231591.719	-36.621
69579.086	193739.672	-39.063
157421.719	145954.734	-41.504
169128.375	65937.648	-43.945
200927.719	24827.955	-46.387
202370.875	-35921.473	-48.828
175713.375	-112666.992	-51.270
77633.633	-144481.547	-53.711
68436.375	-190703.813	-56.152
-35354.836	-219089.578	-58.594
-97284.750	-218825.469	-61.035
-184986.656	-183968.500	-63.477
-253437.078	-145481.688	-65.918
-325483.313	-37748.473	-68.359
-381633.844	41594.051	-70.801
-378210.375	167263.625	-73.242
-344405.844	347819.000	-75.684
-254695.375	475141.000	-78.125
-178378.781	609762.000	-80.566
-9398.625	686201.125	-83.008
215213.656	716897.688	-85.449
371279.188	670704.938	-87.891
572876.063	578205.125	-90.332
701050.875	448759.188	-92.773
784017.500	292674.625	-95.215
835083.125	94975.813	-97.656
826309.625	-79178.797	-100.098
768020.250	-203180.719	-102.539
770524.875	-380950.563	-104.980
688626.625	-470789.563	-107.422
597056.250	-600410.875	-109.863
542375.813	-742351.063	-112.305
398291.625	-870516.125	-114.746
184858.234	-1022788.500	-117.188
-118870.438	-1074132.375	-119.629
-409212.813	-936675.813	-122.070
-623781.688	-776100.188	-124.512
-762361.500	-528462.688	-126.953
-795207.125	-256390.500	-129.395
-773811.625	-38121.625	-131.836
-632778.500	173082.047	-134.277
-532399.750	276142.750	-136.719
-354111.875	353907.719	-139.160
-205576.906	395568.750	-141.602
-72599.945	398886.000	-144.043
52312.898	335855.500	-146.484
117636.258	240130.844	-148.926
182669.219	179564.344	-151.367
195407.469	54355.750	-153.809
163347.438	-38472.105	-156.250
140191.719	-50307.340	-158.691
120165.102	-124504.273	-161.133
34201.559	-147579.016	-163.574
5109.933	-157445.469	-166.016
-16127.113	-141627.500	-168.457
-65568.250	-110409.086	-170.898
-74619.594	-101731.469	-173.340
-86229.563	-50154.852	-175.781
-94821.570	-3254.304	-178.223
-72413.133	-869.733	-180.664
-70965.969	37855.086	-183.105
-30758.240	20968.762	-185.547
-36664.770	-5481.667	-187.988
-10228.951	-5821.090	-190.430
-2321.313	488.189	-192.871
-6435.941	-13286.500	-195.313
-13737.254	11071.287	-197.754
-9324.596	-9390.504	-200.195
28995.658	4448.541	-202.637
13501.514	-13734.906	-205.078
-4304.843	-26367.324	-207.520
-1080.527	-8366.400	-209.961
-7230.453	-56731.941	-212.402
8902.299	-5878.348	-214.844
-24649.920	10988.516	-217.285
-28885.160	-22185.789	-219.727
-25473.547	-27241.570	-222.168
-23842.510	-11368.942	-224.609
-16163.109	14630.305	-227.051
-11664.975	32619.736	-229.492
-20621.195	-1869.088	-231.934
3627.959	-10552.703	-234.375
-29581.844	-30200.816	-236.816
365.237	11109.841	-239.258
-9048.849	1760.083	-241.699
-12931.800	21383.020	-244.141
-2676.392	-5574.830	-246.582
-40283.992	-45344.199	-249.023
-20260.338	-1835.288	-251.465
14139.078	6771.544	-253.906
-10907.786	-2992.310	-256.348
-14475.499	-6490.104	-258.789
-12885.641	-10589.145	-261.230
29518.332	-18532.926	-263.672
-2335.791	-5956.747	-266.113
-15105.097	-14634.201	-268.555
-30736.797	-9445.097	-270.996
-17883.115	-4176.916	-273.438
-4280.558	-7142.027	-275.879
2839.937	8299.482	-278.320
-23607.355	1848.862	-280.762
-8536.778	-7230.255	-283.203
-35159.145	-24130.828	-285.645
-8189.339	-4512.233	-288.086
-23855.883	-14867.132	-290.527
-2800.032	660.019	-292.969
16697.922	2758.533	-295.410
-29889.672	-1024.182	-297.852
-21625.066	-9680.873	-300.293
-7300.693	-999.475	-302.734
-10915.072	-6999.119	-305.176
11377.346	-5797.363	-307.617
-7312.745	-24811.188	-310.059
-8107.472	-14394.046	-312.500
-11222.309	-11928.990	-314.941
-32115.949	-187.079	-317.383
-8596.914	14495.008	-319.824
-17571.211	8840.973	-322.266
-5752.192	-14508.660	-324.707
2946.313	-3881.809	-327.148
10000.215	-41642.500	-329.590
-23890.742	10146.990	-332.031
44.055	-6028.942	-334.473
16251.032	16652.367	-336.914
-2371.713	863.164	-339.355
-15024.895	1488.793	-341.797
10455.247	12510.826	-344.238
-10662.777	19660.178	-346.680
-10602.943	13608.956	-349.121
-11489.148	-16875.727	-351.563
-6280.682	-15202.123	-354.004
4276.629	-2112.982	-356.445
-38273.254	25628.324	-358.887
5143.317	3637.133	-361.328
7123.114	15495.658	-363.770
14451.000	5239.179	-366.211
-9122.647	6811.669	-368.652
5645.562	1362.417	-371.094
-17052.082	21142.994	-373.535
-26877.953	10193.736	-375.977
-26364.691	-7074.616	-378.418
-26471.930	-4681.985	-380.859
-14329.353	30187.980	-383.301
-8484.280	-35269.281	-385.742
2956.717	17335.467	-388.184
-5822.097	-2141.477	-390.625
-1152.303	12418.977	-393.066
-3079.840	17281.609	-395.508
7774.732	20320.563	-397.949
-16204.510	14334.193	-400.391
-5606.558	-14465.065	-402.832
6271.979	258.127	-405.273
-8773.967	-3022.092	-407.715
-14684.404	-1229.272	-410.156
-10934.241	-18534.938	-412.598
17142.283	6180.047	-415.039
-18670.699	5074.226	-417.480
8567.449	9313.809	-419.922
-14507.367	-8724.410	-422.363
5411.724	-9894.301	-424.805
-34928.305	17664.262	-427.246
7165.374	4769.978	-429.688
-13210.010	5128.349	-432.129
3223.340	-13233.729	-434.570
-7997.530	-14452.762	-437.012
-3650.354	-19821.152	-439.453
-44910.555	-14956.738	-441.895
6831.090	-1619.183	-444.336
4392.286	8944.499	-446.777
23682.561	23970.135	-449.219
-7613.154	-10123.423	-451.660
9503.366	14232.524	-454.102
10253.068	17353.467	-456.543
4651.410	1426.156	-458.984
-6848.938	-16682.793	-461.426
16771.979	-3597.270	-463.867
5774.859	10912.872	-466.309
40879.980	-1344.780	-468.750
4547.591	-7269.146	-471.191
628.146	24523.973	-473.633
6353.109	-21042.395	-476.074
-15231.190	-8382.727	-478.516
-11277.250	21614.957	-480.957
-377.380	-32156.258	-483.398
-5091.479	5952.683	-485.840
8287.135	9641.645	-488.281
-267.679	-15003.074	-490.723
-21339.674	-4636.925	-493.164
29029.719	9618.744	-495.605
-28043.629	-20123.926	-498.047
-9948.980	5755.501	-500.488
-17429.150	-45794.598	-502.930
19988.014	-6665.972	-505.371
-17276.277	-23655.313	-507.813
-28635.070	11716.855	-510.254
-4606.787	-8905.852	-512.695
-28325.764	-23560.965	-515.137
-24.579	11079.881	-517.578
4784.107	-5331.257	-520.020
6182.923	-7677.255	-522.461
-15470.064	-20713.006	-524.902
13688.277	35.077	-527.344
-16007.192	9626.902	-529.785
-8871.504	-2246.970	-532.227
-12213.664	-10482.639	-534.668
12838.373	12402.651	-537.109
-20977.297	8637.432	-539.551
4871.881	-8338.422	-541.992
1175.586	-21946.982	-544.434
-46457.492	38347.559	-546.875
18198.908	-11697.960	-549.316
6388.620	-14129.053	-551.758
-14027.860	2991.191	-554.199
-16645.098	-13409.709	-556.641
-23015.578	-9224.930	-559.082
12203.570	-8732.715	-561.523
5248.318	-10611.792	-563.965
-15038.156	-6993.997	-566.406
-8619.415	-30774.027	-568.848
2654.653	-28346.295	-571.289
-19514.598	-3990.345	-573.730
-19949.918	-16345.448	-576.172
11970.298	5418.326	-578.613
10336.859	101.329	-581.055
-3311.368	24828.609	-583.496
-8572.938	-3689.152	-585.938
-4447.911	-20290.730	-588.379
-5164.152	-4998.529	-590.820
10931.800	-10444.350	-593.262
-490.305	11566.667	-595.703
-8090.050	-18773.781	-598.145
-5966.115	2102.354	-600.586
3754.001	-1695.670	-603.027
21295.936	-11227.243	-605.469
-9388.882	-3906.696	-607.910
-8420.286	-3731.190	-610.352
27069.559	10467.307	-612.793
10532.752	-10942.126	-615.234
-375.767	-3893.672	-617.676
-8208.280	6443.752	-620.117
-4717.572	1421.917	-622.559
-34538.531	-15538.719	-625.000
-15760.220	-3275.345	-627.441
-12004.986	-10277.321	-629.883
-8246.264	-21607.473	-632.324
2762.712	-31852.520	-634.766
11421.202	5697.752	-637.207
-9889.345	23370.316	-639.648
-3701.511	-7318.524	-642.090
7800.588	-14880.814	-644.531
-10949.166	-3446.827	-646.973
11100.127	-14465.676	-649.414
-4610.933	16437.863	-651.855
-22652.596	5204.362	-654.297
-26836.789	-2905.839	-656.738
-15650.760	-6288.863	-659.180
11793.508	1104.848	-661.621
-7902.908	1636.060	-664.063
-15359.304	997.611	-666.504
7652.170	-14216.808	-668.945
-9892.658	-13644.880	-671.387
-21661.730	-15845.586	-673.828
-7810.229	21022.004	-676.270
-5387.457	1119.087	-678.711
2495.489	-7161.238	-681.152
10146.062	-2159.446	-683.594
-22438.783	3321.820	-686.035
-5222.622	4287.105	-688.477
-14621.393	-10706.417	-690.918
18442.162	-1078.345	-693.359
874.392	-2354.693	-695.801
-22139.670	9690.891	-698.242
-9213.097	21873.600	-700.684
4886.930	15069.772	-703.125
8165.549	-12631.438	-705.566
4803.466	2974.721	-708.008
9347.932	25746.160	-710.449
1292.771	-7739.665	-712.891
-7749.828	-8215.605	-715.332
-27111.336	8975.407	-717.773
461.741	13394.304	-720.215
-3269.882	243.691	-722.656
-11293.880	3184.996	-725.098
8827.759	-5884.141	-727.539
-4650.474	13989.508	-729.980
-14002.938	2372.872	-732.422
-26165.164	3465.510	-734.863
1814.677	21528.836	-737.305
8970.267	28242.855	-739.746
-4413.847	-1258.475	-742.188
3155.892	-1620.126	-744.629
-10827.498	12230.256	-747.070
-16124.221	-6541.113	-749.512
-6922.991	7242.724	-751.953
-16710.781	3148.523	-754.395
2791.525	-5531.449	-756.836
11279.197	2758.825	-759.277
-7368.076	12491.024	-761.719
13734.902	4422.509	-764.160
-18129.479	5180.049	-766.602
-19823.211	19703.605	-769.043
-7013.700	-611.250	-771.484
-10083.980	-4828.650	-773.926
-14211.876	-18875.086	-776.367
541.439	-5562.515	-778.809
-20146.484	-11393.617	-781.250
8046.472	-1455.352	-783.691
-5079.275	-1685.354	-786.133
2951.477	14422.743	-788.574
2647.747	-10221.729	-791.016
-3462.721	-16230.973	-793.457
-10176.048	-8103.634	-795.898
9630.831	-16954.779	-798.340
14966.489	26637.707	-800.781
-5418.330	10138.077	-803.223
16975.426	-7990.422	-805.664
-2448.389	787.122	-808.105
10166.150	-11573.894	-810.547
7149.661	-4988.386	-812.988
9355.061	-5133.606	-815.430
-14556.084	-3560.613	-817.871
-13880.958	2434.046	-820.313
-12392.658	-17054.703	-822.754
3076.244	-12458.587	-825.195
-3654.042	26722.684	-827.637
-2368.285	13802.467	-830.078
-1088.811	5765.646	-832.520
-10815.137	-11905.381	-834.961
-17170.209	14842.823	-837.402
8889.681	-2050.708	-839.844
-8220.599	-390.177	-842.285
733.134	-4827.943	-844.727
-2845.493	15338.939	-847.168
-4922.500	-17331.326	-849.609
-14822.160	-7666.881	-852.051
-6960.012	-2372.159	-854.492
-1213.409	645.464	-856.934
-3648.668	120.620	-859.375
35559.441	21837.084	-861.816
9110.629	14130.123	-864.258
-70.789	-9702.311	-866.699
-6753.310	6207.010	-869.141
2837.493	789.599	-871.582
-8506.574	-9989.295	-874.023
-19906.684	4610.512	-876.465
11010.452	-19290.922	-878.906
5414.848	-10023.513	-881.348
7071.152	-19247.508	-883.789
-1273.455	5388.265	-886.230
-13513.797	11130.144	-888.672
10482.238	-12785.289	-891.113
-6842.941	-9304.928	-893.555
-9514.556	-1585.113	-895.996
-21486.283	-4237.150	-898.438
6155.330	-1697.871	-900.879
-1566.774	10443.534	-903.320
-9002.950	5115.894	-905.762
4809.412	-13027.455	-908.203
-8992.295	-22644.082	-910.645
754.937	6390.762	-913.086
-2682.122	15935.635	-915.527
-5414.922	-2486.294	-917.969
5587.407	-13161.119	-920.410
-8891.757	7789.317	-922.852
2016.571	-11945.865	-925.293
-5882.195	3623.995	-927.734
25686.504	10931.835	-930.176
-20133.369	-7994.877	-932.617
-9282.538	-5256.752	-935.059
-32659.652	5743.279	-937.500
-15957.045	7818.375	-939.941
-13951.078	-23247.219	-942.383
10279.305	1126.152	-944.824
2147.186	17162.684	-947.266
-14869.002	-7424.422	-949.707
-9439.571	-2935.556	-952.148
8213.959	9954.356	-954.590
-11587.791	12581.227	-957.031
9084.682	-71.433	-959.473
-16447.520	6408.507	-961.914
-4933.229	124.640	-964.355
-2420.113	-15792.543	-966.797
-3516.186	-2180.969	-969.238
-1282.430	-11730.180	-971.680
-241.115	-7206.713	-974.121
-4470.672	-10303.180	-976.563
-15491.651	3985.955	-979.004
-4602.270	3365.252	-981.445
19094.293	-4144.999	-983.887
-19968.260	-1675.485	-986.328
5814.441	7425.577	-988.770
12832.155	-7870.479	-991.211
-621.432	11171.133	-993.652
12145.327	-10647.557	-996.094
7110.465	-1072.894	-998.535
-7289.719	-10258.542	-1000.977
5110.013	-1443.209	-1003.418
-9301.404	-18625.836	-1005.859
-2826.541	-7282.718	-1008.301
4475.255	6175.127	-1010.742
10716.316	11857.766	-1013.184
1270.107	10837.916	-1015.625
-17131.629	968.558	-1018.066
-5450.076	15791.289	-1020.508
611.948	17620.695	-1022.949
5050.186	7271.899	-1025.391
1029.686	10066.246	-1027.832
-8246.332	3539.739	-1030.273
-16612.438	-3085.650	-1032.715
-29047.805	-8040.327	-1035.156
478.735	-1141.815	-1037.598
-741.035	4049.147	-1040.039
8859.771	4516.879	-1042.480
-10622.950	1039.039	-1044.922
-5576.516	11279.127	-1047.363
-11847.726	-14166.805	-1049.805
3457.081	7005.106	-1052.246
5538.106	-2239.232	-1054.688
6378.472	6492.737	-1057.129
13357.559	6630.777	-1059.570
-5426.091	6200.423	-1062.012
383.439	-8934.248	-1064.453
14959.799	-3193.538	-1066.895
-4699.124	12878.582	-1069.336
-4369.669	10397.877	-1071.777
4028.230	1317.851	-1074.219
146.463	8325.504	-1076.660
-8560.906	-4179.279	-1079.102
8671.516	7671.001	-1081.543
19152.244	-3317.458	-1083.984
14422.921	239.554	-1086.426
-282.716	-19628.023	-1088.867
-9189.712	1455.596	-1091.309
23807.680	-4283.139	-1093.750
11577.842	4118.438	-1096.191
3479.729	12169.561	-1098.633
389.260	-9512.550	-1101.074
-739.640	9755.416	-1103.516
-13030.891	309.457	-1105.957
6481.511	5822.984	-1108.398
1064.885	-19445.729	-1110.840
2591.125	-9332.188	-1113.281
2556.357	-6568.970	-1115.723
-3277.804	1726.169	-1118.164
12648.733	-13392.580	-1120.605
7864.298	13455.520	-1123.047
5520.054	13366.223	-1125.488
-6470.084	-13472.934	-1127.930
-4219.387	-3106.416	-1130.371
-1168.994	7258.758	-1132.813
-23004.164	26139.924	-1135.254
5648.143	5529.454	-1137.695
-8752.453	2116.243	-1140.137
10442.385	-5015.200	-1142.578
-16145.799	5151.755	-1145.020
-16253.732	-8098.757	-1147.461
-2325.515	2068.600	-1149.902
-361.540	926.515	-1152.344
-13983.065	8820.604	-1154.785
-17525.141	-1436.078	-1157.227
1046.177	-12643.846	-1159.668
9658.468	-1635.802	-1162.109
-6491.304	5927.461	-1164.551
7099.411	-18007.537	-1166.992
-1404.093	6368.952	-1169.434
-10719.609	6157.124	-1171.875
20828.021	-14139.074	-1174.316
-6502.222	-4378.148	-1176.758
4599.389	-11063.729	-1179.199
2268.237	10729.664	-1181.641
-2603.663	1544.922	-1184.082
-10604.121	-4631.509	-1186.523
24322.297	-11428.755	-1188.965
-6806.165	3029.042	-1191.406
-9907.084	11655.365	-1193.848
8646.007	8007.575	-1196.289
974.936	-3832.035	-1198.730
-1511.813	426.947	-1201.172
13249.188	8735.899	-1203.613
581.453	780.800	-1206.055
5414.542	-4603.541	-1208.496
-1802.128	-14522.354	-1210.938
-2885.746	10843.671	-1213.379
-7183.461	-15482.170	-1215.820
-4058.600	3074.726	-1218.262
-14821.082	-3201.399	-1220.703
1457.039	-6788.369	-1223.145
7077.865	-429.473	-1225.586
-17244.859	-10230.598	-1228.027
8504.797	7037.957	-1230.469
1287.305	1490.348	-1232.910
6091.266	20014.703	-1235.352
-14265.773	-25557.008	-1237.793
-2052.984	-3062.605	-1240.234
8027.523	-2401.094	-1242.676
-9461.043	-11451.094	-1245.117
-2447.710	11539.578	-1247.559