#Data Point Listing of File C:\Documents and #Settings\NMR\Desktop\FPraktikum\2021\17122021\mess_1_45.7mhz.tnt
#Starting Point:	1	Ending Point:	1024
#Real	Imag	kHz
-11214.063	-11426.625	1250.000
4279.271	-3294.688	1247.559
9713.889	-11106.506	1245.117
7498.277	-10418.836	1242.676
30.951	-6926.956	1240.234
2564.801	-2357.461	1237.793
6860.115	-12687.184	1235.352
-946.072	-17995.652	1232.910
-21387.828	8643.811	1230.469
3199.370	485.885	1228.027
-20139.998	1698.256	1225.586
5673.271	-16236.216	1223.145
-13909.330	6201.670	1220.703
9648.010	7422.697	1218.262
-8916.785	-5966.697	1215.820
2469.068	4473.966	1213.379
5974.259	10601.825	1210.938
-20563.012	-22276.836	1208.496
-14270.238	-5748.080	1206.055
6670.360	8812.332	1203.613
2319.189	-5064.771	1201.172
-23765.010	-11327.100	1198.730
6856.490	-8143.708	1196.289
8852.330	5424.797	1193.848
-8780.399	3519.991	1191.406
1006.406	-11030.841	1188.965
-1917.570	3531.290	1186.523
2176.196	-2554.911	1184.082
4421.525	12991.964	1181.641
-11210.204	-17716.711	1179.199
-1585.069	13635.930	1176.758
-11816.018	-4335.973	1174.316
8949.132	-9183.362	1171.875
-4058.994	-4170.121	1169.434
17150.125	6816.950	1166.992
11166.577	-7785.992	1164.551
-4233.970	10860.225	1162.109
-4610.018	-17351.945	1159.668
11363.898	-7761.420	1157.227
-10753.602	-4619.539	1154.785
-10905.750	-12793.535	1152.344
-10060.432	-6408.782	1149.902
-793.582	21884.563	1147.461
929.467	8075.813	1145.020
9060.129	5940.057	1142.578
3112.568	10608.502	1140.137
4219.764	6645.334	1137.695
-15017.069	17244.875	1135.254
8454.261	3234.333	1132.813
3457.326	1192.354	1130.371
4829.682	43.143	1127.930
-6400.287	3503.181	1125.488
731.601	14550.482	1123.047
3312.529	18056.568	1120.605
5910.352	-2366.216	1118.164
3898.648	5785.171	1115.723
-12267.117	17840.863	1113.281
-13324.531	12328.545	1110.840
3245.166	-7623.455	1108.398
16629.340	6664.234	1105.957
-5287.811	4292.037	1103.516
2845.184	-6141.621	1101.074
-15446.996	-7496.957	1098.633
-3645.859	2608.744	1096.191
2592.523	21524.629	1093.750
9134.949	-18512.527	1091.309
14310.453	126.637	1088.867
-5438.703	-18996.180	1086.426
24931.668	2088.430	1083.984
7566.411	-3162.949	1081.543
-1117.871	14872.930	1079.102
-9610.832	7470.523	1076.660
-20595.914	-7801.215	1074.219
-21638.508	3047.721	1071.777
1149.984	146.053	1069.336
3830.844	2768.371	1066.895
931.195	-23817.609	1064.453
-12234.352	-19156.070	1062.012
-7769.009	-6601.805	1059.570
-7708.129	-6932.906	1057.129
12193.820	10091.453	1054.688
-7586.891	977.758	1052.246
-19512.531	-3232.867	1049.805
6573.969	-4098.698	1047.363
-6426.828	-12056.637	1044.922
7936.469	2949.094	1042.480
-14188.906	1462.734	1040.039
-9172.656	-1626.125	1037.598
7400.121	1570.188	1035.156
7157.070	664.656	1032.715
-9354.844	3219.406	1030.273
-7065.781	735.938	1027.832
-2173.063	-12470.953	1025.391
-2481.156	3451.123	1022.949
-12585.156	-18871.277	1020.508
-10767.938	-21129.422	1018.066
-13629.258	5628.445	1015.625
-6624.125	-29307.992	1013.184
3081.635	11582.445	1010.742
-13932.109	17599.469	1008.301
-15818.803	-4344.320	1005.859
4691.673	1274.906	1003.418
4667.533	-159.996	1000.977
9632.637	15838.514	998.535
11734.686	-1925.447	996.094
3682.836	-17814.742	993.652
14392.123	9875.811	991.211
-26708.748	-18885.582	988.770
5647.004	-16875.904	986.328
21062.336	3336.445	983.887
33099.234	-17471.498	981.445
9605.268	5791.928	979.004
17986.711	17758.109	976.563
1177.084	-6682.332	974.121
4399.399	6674.274	971.680
-7622.096	-3660.696	969.238
-5706.888	-14322.881	966.797
2424.802	-12361.842	964.355
8023.037	-2770.427	961.914
3673.080	-12923.711	959.473
2247.906	2318.158	957.031
-13894.775	-8269.828	954.590
-3489.360	-22011.139	952.148
-13873.041	21163.719	949.707
8436.031	-1630.432	947.266
2017.305	503.910	944.824
-17619.809	1285.908	942.383
-2679.165	17435.766	939.941
9228.692	10760.523	937.500
-28626.613	-12751.031	935.059
16465.861	8270.643	932.617
1008.932	6014.271	930.176
-1273.463	-2094.120	927.734
-14663.320	15331.905	925.293
-2389.524	-16375.219	922.852
17460.496	-16208.287	920.410
-28378.336	-8460.229	917.969
3101.187	514.300	915.527
-8362.874	-19809.559	913.086
-3224.663	-10719.203	910.645
-6741.231	-889.381	908.203
10982.385	-12316.256	905.762
-7492.521	9910.734	903.320
-3112.812	-3234.251	900.879
-3493.086	6774.979	898.438
11697.096	7559.700	895.996
1373.812	-20934.883	893.555
-3638.293	4338.500	891.113
-1196.700	8129.691	888.672
6766.491	-543.316	886.230
2813.916	1513.038	883.789
6884.659	-14141.910	881.348
-12432.908	-5838.251	878.906
4089.894	-6613.095	876.465
1709.493	-25961.551	874.023
-10333.269	16615.936	871.582
5510.671	10104.775	869.141
14864.937	-1579.911	866.699
725.879	-10879.716	864.258
-6451.102	12995.617	861.816
410.104	-6195.909	859.375
11960.548	-11327.771	856.934
-4977.711	-11682.047	854.492
15794.151	-8917.518	852.051
493.127	-12291.362	849.609
13421.698	-5155.832	847.168
155.029	-20017.738	844.727
24525.365	8924.824	842.285
4771.539	6935.328	839.844
17430.875	688.425	837.402
-11004.549	-5959.574	834.961
5002.650	-12725.870	832.520
-22420.570	-7170.674	830.078
-12653.172	-2568.486	827.637
12246.873	-1333.228	825.195
-3515.231	-10243.477	822.754
-7817.678	-10222.356	820.313
4605.508	7246.763	817.871
-744.444	-2062.585	815.430
25950.555	2991.269	812.988
-14305.678	-10446.404	810.547
-12091.274	-1248.555	808.105
1464.448	11752.199	805.664
-1396.048	-2271.250	803.223
-17871.523	13676.625	800.781
-2214.244	11304.178	798.340
10222.641	-11.722	795.898
12329.603	3058.803	793.457
11210.730	2520.055	791.016
12422.148	-1154.709	788.574
3235.093	-772.385	786.133
2876.796	2227.991	783.691
-877.001	-7370.977	781.250
-7774.649	7790.327	778.809
-3062.871	13576.176	776.367
-824.079	-838.899	773.926
-11771.245	2766.721	771.484
7415.741	-6230.828	769.043
-9760.985	-5253.271	766.602
22066.713	-23350.516	764.160
-8779.259	-12219.912	761.719
-27922.598	12127.928	759.277
4336.082	21556.805	756.836
14205.420	16089.291	754.395
13131.771	-2146.011	751.953
-5353.423	10251.235	749.512
24024.664	30825.697	747.070
-16827.682	28631.635	744.629
-943.312	10831.981	742.188
-19249.533	-28646.260	739.746
-666.664	9676.083	737.305
8008.377	3788.675	734.863
14039.016	17572.371	732.422
12666.382	14568.104	729.980
-2047.624	9536.383	727.539
-7652.612	-2822.644	725.098
1505.537	18417.271	722.656
-1482.358	-13045.443	720.215
6097.871	-1060.993	717.773
13191.455	6280.779	715.332
3671.780	-5324.744	712.891
7049.113	-7629.670	710.449
10789.111	6726.508	708.008
12758.436	-6187.848	705.566
22363.102	-928.284	703.125
9905.510	-15828.990	700.684
17394.469	9289.201	698.242
-16513.395	-906.429	695.801
8472.511	19335.068	693.359
6267.452	-23165.219	690.918
-17336.387	1544.348	688.477
-3610.741	17216.381	686.035
-7476.820	-14619.057	683.594
2854.898	-11554.492	681.152
-5264.340	-1793.146	678.711
-11895.612	13266.637	676.270
-14160.633	-5337.872	673.828
-5117.567	-812.489	671.387
19491.152	-3884.977	668.945
-5711.578	-1647.006	666.504
-31252.459	5282.584	664.063
-377.111	-15976.299	661.621
19681.135	4311.983	659.180
2920.253	-513.229	656.738
12129.858	13270.125	654.297
-2896.908	7180.478	651.855
-28672.230	-8965.641	649.414
5956.667	-8751.481	646.973
1543.819	-9068.310	644.531
15251.201	9940.996	642.090
5606.002	-17960.609	639.648
17762.598	-5324.997	637.207
-11737.023	-5114.239	634.766
8441.601	-14153.377	632.324
4095.148	8377.975	629.883
1963.129	-28631.135	627.441
-8960.219	-3181.594	625.000
1827.241	9462.963	622.559
1772.294	1182.202	620.117
35100.703	6475.768	617.676
-12749.845	5633.021	615.234
505.473	16132.037	612.793
-9365.671	12115.190	610.352
8474.352	6755.019	607.910
-8721.018	-6662.338	605.469
11587.604	-21962.824	603.027
966.489	-29761.586	600.586
3773.172	-33708.938	598.145
4470.705	-17273.264	595.703
-29573.133	1930.700	593.262
8132.071	-10559.105	590.820
23063.186	-7125.802	588.379
-12142.614	-1044.578	585.938
-20144.252	9483.706	583.496
6098.950	12181.912	581.055
-4122.802	15257.523	578.613
28342.828	19273.953	576.172
6498.040	3163.412	573.730
-9941.578	8896.043	571.289
-12597.031	23532.178	568.848
1610.209	9680.766	566.406
14308.697	6334.015	563.965
9169.744	7053.270	561.523
-9851.383	-6209.812	559.082
5844.347	12789.960	556.641
9904.635	95.710	554.199
-17894.781	-2153.684	551.758
24864.953	-14028.671	549.316
19340.965	9420.774	546.875
-1574.021	4657.729	544.434
-1563.499	12079.644	541.992
738.751	13854.209	539.551
5574.761	2928.098	537.109
28425.912	-3682.101	534.668
-7174.353	5691.540	532.227
-22369.107	1111.696	529.785
-363.967	8731.555	527.344
-5681.983	-11307.470	524.902
-2879.354	15919.898	522.461
5753.847	-13755.555	520.020
-31359.592	6792.837	517.578
5511.885	-15022.916	515.137
18300.154	-1133.204	512.695
-38137.258	28854.490	510.254
4555.812	18989.918	507.813
-10676.976	-17866.844	505.371
-6545.047	-7490.357	502.930
-598.107	40.231	500.488
10022.179	-16226.455	498.047
8720.877	-2281.058	495.605
2277.848	5251.517	493.164
-16060.881	1154.452	490.723
8488.763	8414.410	488.281
-5142.226	-10544.908	485.840
3922.529	-3817.974	483.398
15440.356	3865.289	480.957
2060.049	-4361.680	478.516
11388.462	-7319.020	476.074
-367.817	16207.866	473.633
30073.602	19487.980	471.191
942.088	3538.706	468.750
-20852.783	-10993.092	466.309
15613.479	-1337.102	463.867
48261.711	4774.251	461.426
-25188.400	-3772.676	458.984
-8548.130	11596.549	456.543
-7577.054	-38488.258	454.102
7665.187	3211.109	451.660
-516.197	565.115	449.219
8007.368	24278.939	446.777
8695.444	-7142.986	444.336
-23284.070	11806.680	441.895
591.855	17008.035	439.453
2722.979	6806.012	437.012
-4061.391	-26919.941	434.570
2037.126	8332.621	432.129
-2844.176	14512.295	429.688
30388.869	-11129.709	427.246
1616.552	2384.202	424.805
-20498.805	-10349.931	422.363
-32104.455	-13103.108	419.922
-9534.282	-22212.641	417.480
-31162.859	-26652.668	415.039
-21313.305	805.875	412.598
-3679.212	23019.055	410.156
-18794.438	1111.688	407.715
-12175.188	30142.852	405.273
3983.222	-2687.831	402.832
4009.718	-5882.298	400.391
-6592.183	5971.952	397.949
-18849.695	726.646	395.508
3208.757	17305.367	393.066
-6222.175	16105.382	390.625
-8766.915	18593.283	388.184
2051.821	12995.037	385.742
7732.325	15539.112	383.301
14647.750	-10925.779	380.859
5457.032	-10956.672	378.418
3632.110	-24251.109	375.977
13805.714	4525.646	373.535
-15666.818	-4956.194	371.094
-4165.139	8559.888	368.652
-35372.527	6672.608	366.211
31006.555	-5897.990	363.770
23327.084	-15970.635	361.328
-22857.473	-7357.651	358.887
-5500.187	3811.215	356.445
-33196.898	-15040.240	354.004
-8231.688	-32715.883	351.563
25545.359	5988.064	349.121
19009.324	46230.445	346.680
22140.555	5713.279	344.238
2128.155	-6620.375	341.797
3327.895	1832.926	339.355
-5445.475	-1790.310	336.914
1694.420	19514.465	334.473
15470.169	9839.820	332.031
-1496.497	-9207.335	329.590
6255.655	8761.095	327.148
-26283.090	1809.309	324.707
-13688.336	-21141.570	322.266
2507.583	5440.363	319.824
20784.156	-10971.519	317.383
-363.870	12271.863	314.941
2615.577	38883.313	312.500
5171.980	-951.184	310.059
16894.125	-9487.934	307.617
-8043.090	-12059.927	305.176
-1455.224	-1936.239	302.734
-5038.071	-3580.534	300.293
5361.476	16355.372	297.852
-17746.061	2284.302	295.410
757.721	-20493.965	292.969
3247.434	7865.743	290.527
-100.570	-7546.069	288.086
5972.211	1521.348	285.645
25728.807	29079.701	283.203
3410.019	20184.174	280.762
-10563.985	15406.293	278.320
-14951.063	1122.078	275.879
9659.877	11782.444	273.438
-9325.546	-36016.098	270.996
26478.939	2681.779	268.555
15499.442	26660.910	266.113
-11776.888	-5900.951	263.672
6613.371	-5482.572	261.230
-9270.647	-33189.777	258.789
17919.939	-3011.066	256.348
17626.377	11640.341	253.906
9640.696	15291.288	251.465
-14511.573	2137.268	249.023
1063.658	14164.963	246.582
15547.486	3160.813	244.141
51005.406	-6369.180	241.699
6530.969	10866.220	239.258
13041.942	-17852.094	236.816
3442.727	-21446.191	234.375
9156.319	-2726.604	231.934
9567.618	10189.998	229.492
-16853.305	17417.906	227.051
22572.445	27355.924	224.609
-7491.957	5229.667	222.168
2584.116	-11633.964	219.727
-9579.814	-31593.773	217.285
9452.072	26205.020	214.844
3035.041	1460.073	212.402
24393.980	2532.707	209.961
-18167.752	12200.511	207.520
25291.762	-26914.211	205.078
-6974.569	-1097.956	202.637
10393.238	7232.572	200.195
602.659	8116.239	197.754
-3961.846	-8192.530	195.313
-14512.358	-1477.418	192.871
-16910.223	18529.158	190.430
24888.443	5217.628	187.988
2960.668	9662.094	185.547
5651.674	-29286.043	183.105
-16398.535	18688.000	180.664
5754.463	-5347.386	178.223
6435.390	-9138.860	175.781
-608.109	5544.519	173.340
-4849.731	16034.941	170.898
-29239.156	2953.077	168.457
-5972.974	27258.982	166.016
15515.208	-11307.792	163.574
-8304.626	17902.266	161.133
7779.231	-13526.906	158.691
22082.248	-803.540	156.250
-8155.248	3553.383	153.809
-9140.621	-10654.830	151.367
11297.393	-4199.521	148.926
11902.237	-6459.761	146.484
5833.919	17688.680	144.043
-18500.432	-14780.721	141.602
20105.111	-55.916	139.160
7382.442	9103.848	136.719
-21212.961	4950.823	134.277
-3503.721	31408.754	131.836
-12144.470	-4547.342	129.395
-22058.988	-26885.920	126.953
18486.410	-10476.387	124.512
991.342	-7495.215	122.070
24662.096	-16293.876	119.629
10268.521	-5126.558	117.188
-427.544	-7453.313	114.746
10502.063	-6980.488	112.305
5587.175	22608.486	109.863
25884.521	1602.672	107.422
-10669.893	20539.797	104.980
3793.985	-8130.362	102.539
-19559.520	380.928	100.098
-11299.595	-8265.732	97.656
8854.429	-658.144	95.215
-3555.181	7288.405	92.773
12213.645	5494.869	90.332
9528.594	-9304.153	87.891
2685.084	29155.646	85.449
-16296.191	16478.732	83.008
-2851.738	704.670	80.566
26976.223	13282.492	78.125
-8514.956	12428.506	75.684
-8249.509	-12962.779	73.242
28033.355	-1275.583	70.801
15553.967	-17339.287	68.359
-15896.306	-240.135	65.918
8517.252	-18812.242	63.477
11892.590	-32299.215	61.035
-4087.547	-33920.457	58.594
24847.484	22045.070	56.152
11779.867	-23346.785	53.711
15276.740	-1508.192	51.270
-21321.031	-15514.907	48.828
-22705.648	9065.954	46.387
-1094.859	4322.028	43.945
-13205.668	27180.078	41.504
-4907.345	16068.366	39.063
15162.606	-21437.891	36.621
6519.523	27905.055	34.180
4674.118	-13340.961	31.738
22052.350	12689.818	29.297
63524.672	-15910.155	26.855
45289.414	5155.467	24.414
13191.140	-30054.391	21.973
-10027.602	-47424.945	19.531
-1182.094	-38197.445	17.090
-30285.301	-41552.902	14.648
-33363.410	2277.700	12.207
-66497.484	32719.656	9.766
-66301.570	40671.641	7.324
-10617.051	37658.078	4.883
23697.688	72949.297	2.441
10188.500	60734.000	0.000
37808.070	56169.273	-2.441
63207.359	47404.688	-4.883
89644.359	35070.789	-7.324
55283.742	-17899.695	-9.766
72991.297	-68428.375	-12.207
52149.320	-81020.516	-14.648
45953.344	-44902.031	-17.090
-20353.066	-72075.859	-19.531
-15606.604	-54189.039	-21.973
-38955.719	-44674.852	-24.414
-38074.430	-6324.925	-26.855
-26224.717	1181.557	-29.297
-40466.734	39719.102	-31.738
-26809.574	40721.438	-34.180
-13473.368	32269.543	-36.621
4241.407	34271.086	-39.063
33122.188	19023.426	-41.504
51358.168	9399.807	-43.945
39331.426	-16487.713	-46.387
48577.563	-3043.172	-48.828
75409.656	-671.660	-51.270
28509.076	-20044.523	-53.711
1832.871	-25854.000	-56.152
13105.981	-21133.750	-58.594
-12987.675	-12071.593	-61.035
886.392	-17675.949	-63.477
-4786.279	-22619.570	-65.918
-29863.729	-14916.712	-68.359
-29468.570	-10407.259	-70.801
-29691.023	-11809.770	-73.242
14225.299	23303.143	-75.684
-20938.883	-6200.163	-78.125
-5254.771	36069.914	-80.566
-22529.980	29802.301	-83.008
6737.427	36757.508	-85.449
7674.183	58547.492	-87.891
22028.096	34802.535	-90.332
18856.979	5114.236	-92.773
47004.879	-25833.586	-95.215
63989.742	-11961.604	-97.656
46582.508	3022.316	-100.098
55203.309	-33457.621	-102.539
36722.305	-25721.430	-104.980
38341.281	-35438.414	-107.422
37522.680	-29954.537	-109.863
38841.125	-23485.350	-112.305
14375.612	2269.002	-114.746
23925.625	-8281.176	-117.188
-3080.890	-23021.857	-119.629
-13317.184	-32400.572	-122.070
-9065.180	-29537.250	-124.512
-31545.285	-12653.211	-126.953
-61799.164	4873.525	-129.395
-41538.102	-23607.141	-131.836
-57607.164	-16361.529	-134.277
-76633.313	15260.228	-136.719
-29499.133	51764.383	-139.160
-29574.951	45776.406	-141.602
23873.855	46618.297	-144.043
65432.813	56739.570	-146.484
57688.906	82190.531	-148.926
56170.770	50809.887	-151.367
105309.547	57165.914	-153.809
102024.555	11757.254	-156.250
136010.063	-9504.828	-158.691
149851.188	-77382.891	-161.133
113128.281	-104219.461	-163.574
47625.910	-136278.781	-166.016
37118.301	-126054.844	-168.457
-71547.344	-160974.500	-170.898
-114999.094	-152256.656	-173.340
-159860.563	-88111.625	-175.781
-155764.438	-24868.832	-178.223
-178535.266	25781.262	-180.664
-160837.000	129257.047	-183.105
-143076.875	189031.203	-185.547
-87076.242	224891.156	-187.988
20838.844	255604.625	-190.430
79123.109	275216.063	-192.871
189509.469	256148.547	-195.313
295474.188	219038.219	-197.754
408191.094	147873.781	-200.195
447388.531	29216.445	-202.637
471697.813	-83015.281	-205.078
497716.344	-244473.844	-207.520
425993.469	-426187.188	-209.961
313835.219	-587510.250	-212.402
76970.453	-708967.188	-214.844
-162271.188	-715918.500	-217.285
-375475.438	-566692.250	-219.727
-502746.219	-385627.594	-222.168
-550542.875	-216022.766	-224.609
-531811.000	-50068.438	-227.051
-467212.781	92741.922	-229.492
-344614.438	166869.703	-231.934
-206505.813	247389.875	-234.375
-139163.359	215017.188	-236.816
-61960.016	177901.438	-239.258
-4119.030	166285.109	-241.699
17132.811	130368.742	-244.141
12420.702	102946.000	-246.582
39641.102	70340.984	-249.023
76275.547	51789.328	-251.465
23570.268	47102.508	-253.906
32943.145	13450.200	-256.348
20112.818	-5688.739	-258.789
28734.463	12302.854	-261.230
65083.746	-34550.859	-263.672
-11478.661	-23503.469	-266.113
-18721.324	-30943.314	-268.555
-10773.723	1456.269	-270.996
-17251.336	-29163.012	-273.438
-59863.727	-44432.832	-275.879
-23079.453	-17875.840	-278.320
-50732.500	4841.552	-280.762
-23171.211	-6656.926	-283.203
-25769.500	13062.564	-285.645
-29992.916	3396.231	-288.086
-31144.600	3975.070	-290.527
-37124.805	14621.654	-292.969
-179.019	-9828.121	-295.410
-6974.649	33118.488	-297.852
-24952.229	45053.930	-300.293
-10929.533	9455.116	-302.734
-12540.899	27235.824	-305.176
6641.405	-6266.362	-307.617
-25029.891	15902.563	-310.059
23654.246	25034.227	-312.500
8647.771	21837.844	-314.941
16402.959	-12235.744	-317.383
-13046.656	1068.851	-319.824
-6127.485	3224.498	-322.266
26997.645	12450.579	-324.707
6190.421	-23490.754	-327.148
-8225.604	19423.557	-329.590
-9362.142	-13986.788	-332.031
-25035.418	2412.882	-334.473
-5810.251	3059.091	-336.914
4891.613	-4195.898	-339.355
-19906.377	3688.217	-341.797
-23887.920	16496.354	-344.238
-1508.041	-14261.162	-346.680
6914.716	-5063.850	-349.121
12577.055	4699.955	-351.563
1536.588	15404.722	-354.004
-17659.166	-12935.573	-356.445
2791.100	18596.215	-358.887
-1730.001	9250.954	-361.328
16821.846	-14770.320	-363.770
10039.941	2897.478	-366.211
31633.957	14224.826	-368.652
-3565.399	20906.896	-371.094
-11583.612	-35870.066	-373.535
-10825.531	-13128.472	-375.977
6833.386	-11660.828	-378.418
-3337.208	-24137.604	-380.859
-22480.656	-14852.694	-383.301
-3477.815	27708.141	-385.742
-3685.721	-19877.984	-388.184
-6965.233	-3115.798	-390.625
-5891.960	4501.909	-393.066
-928.511	17535.385	-395.508
3895.810	5684.501	-397.949
-11117.221	-7188.632	-400.391
-15985.071	11691.723	-402.832
-13399.838	-397.260	-405.273
2660.518	-6681.182	-407.715
-47.704	17706.750	-410.156
18092.672	2640.120	-412.598
-45504.719	1565.742	-415.039
-18216.986	-12800.446	-417.480
-28233.766	26309.982	-419.922
-7527.490	-7560.266	-422.363
-11346.609	20862.000	-424.805
-17772.469	-11337.008	-427.246
7605.634	-8065.971	-429.688
-13675.152	6918.227	-432.129
13344.400	-6345.744	-434.570
-39267.043	-2168.993	-437.012
-5303.363	-4120.574	-439.453
-13634.198	-14701.188	-441.895
13173.464	29372.672	-444.336
-22004.797	-6569.244	-446.777
12851.309	1087.637	-449.219
-40603.625	-1095.255	-451.660
-38819.953	-4265.620	-454.102
9942.474	-1512.138	-456.543
-1102.692	1559.816	-458.984
561.805	7800.198	-461.426
-11315.423	23142.379	-463.867
10539.880	8915.422	-466.309
16143.599	-6417.686	-468.750
-3029.142	-6353.942	-471.191
-2490.981	-19006.344	-473.633
-20327.270	24951.355	-476.074
-3206.464	3056.876	-478.516
2338.427	-4366.314	-480.957
-10370.089	25164.877	-483.398
-11162.635	-13165.491	-485.840
19999.078	10201.982	-488.281
16102.035	-5740.291	-490.723
15388.914	757.473	-493.164
17014.711	200.453	-495.605
-25165.326	-1816.921	-498.047
7434.778	-22874.547	-500.488
-2381.548	8841.631	-502.930
6173.319	20444.795	-505.371
17850.324	-15873.849	-507.813
-8427.076	-16452.678	-510.254
-5170.098	6638.966	-512.695
-17479.541	11956.594	-515.137
-17273.877	-14011.584	-517.578
-16087.978	-7426.719	-520.020
1770.236	-7039.542	-522.461
-3834.689	8519.145	-524.902
-27382.400	10616.862	-527.344
-10256.139	-7046.180	-529.785
-10104.290	20069.648	-532.227
15653.746	10224.254	-534.668
9976.803	17206.045	-537.109
-2213.116	7983.500	-539.551
-4608.035	-20259.922	-541.992
1153.262	8209.161	-544.434
19145.270	17151.906	-546.875
28922.021	190.474	-549.316
-7325.514	-11701.590	-551.758
-7164.419	-4159.781	-554.199
11661.054	2331.977	-556.641
-35164.074	3211.633	-559.082
1844.394	2145.271	-561.523
-16649.512	17389.408	-563.965
4042.138	-13927.293	-566.406
4899.613	-11617.535	-568.848
2356.269	-26354.363	-571.289
-9192.655	9455.219	-573.730
10728.342	-20950.693	-576.172
9409.546	12089.187	-578.613
1033.073	11740.076	-581.055
7645.696	19497.031	-583.496
-10755.807	-737.805	-585.938
4279.864	3957.689	-588.379
-7673.242	-9351.884	-590.820
35362.484	16163.251	-593.262
-22090.238	-4558.428	-595.703
10537.270	24782.207	-598.145
-3259.940	13156.975	-600.586
-7427.335	22316.141	-603.027
-876.134	1073.509	-605.469
-3880.895	-14549.699	-607.910
7753.716	8876.841	-610.352
-9328.865	-979.722	-612.793
6539.430	-4793.823	-615.234
-10584.530	-10511.049	-617.676
-21316.713	-1424.267	-620.117
31156.219	16249.350	-622.559
8889.031	7869.094	-625.000
-13617.768	-21970.650	-627.441
1944.519	-3051.482	-629.883
11052.757	-4934.931	-632.324
-14513.659	19442.500	-634.766
-1707.282	-778.500	-637.207
5727.649	-16118.835	-639.648
-3546.030	-1128.640	-642.090
4792.811	3465.952	-644.531
7103.687	-5041.345	-646.973
-1216.385	-5619.191	-649.414
-5030.140	11075.791	-651.855
-23512.201	10204.994	-654.297
-11666.032	-14561.817	-656.738
-15207.558	20627.350	-659.180
-8914.068	1745.055	-661.621
15494.319	15152.520	-664.063
12066.219	-495.995	-666.504
11028.495	35901.078	-668.945
16328.974	-20847.168	-671.387
-3172.599	-14802.965	-673.828
-7794.723	3319.963	-676.270
-1603.582	11607.141	-678.711
-4153.493	-1339.428	-681.152
-13935.129	-7389.911	-683.594
-16249.670	36879.418	-686.035
2399.350	7352.818	-688.477
6134.998	-7335.081	-690.918
1398.039	22333.617	-693.359
-4384.617	296.783	-695.801
-7630.072	-9020.229	-698.242
5925.242	-10328.769	-700.684
12025.728	-2098.669	-703.125
-13078.278	-8572.158	-705.566
-25279.930	-10906.446	-708.008
-21622.723	2593.107	-710.449
11751.538	-17491.633	-712.891
20231.885	5971.563	-715.332
-3622.750	-14383.367	-717.773
-9915.357	9387.371	-720.215
18248.730	8579.260	-722.656
964.112	4238.081	-725.098
6921.714	17420.875	-727.539
8576.758	-11444.043	-729.980
-1718.896	-3201.223	-732.422
-139.531	-20184.072	-734.863
-6286.000	-21940.566	-737.305
7032.287	4085.088	-739.746
-9547.893	26862.129	-742.188
578.617	1638.224	-744.629
-13464.645	19033.926	-747.070
-10489.545	10937.423	-749.512
-12818.044	-1852.730	-751.953
9323.279	18762.785	-754.395
-5567.830	-4265.197	-756.836
-3526.814	4539.925	-759.277
-10818.872	-7867.729	-761.719
-11713.827	-18690.725	-764.160
-3114.486	-6577.259	-766.602
18303.074	-6346.142	-769.043
-5119.170	5862.188	-771.484
-8063.403	-17047.334	-773.926
3542.729	-29313.590	-776.367
-10232.484	18347.109	-778.809
-4367.038	-2784.089	-781.250
13292.518	10056.574	-783.691
-629.042	10936.934	-786.133
6964.512	17976.375	-788.574
20351.584	-14296.086	-791.016
-3620.784	-21612.400	-793.457
-1735.421	15670.648	-795.898
11786.462	-8735.117	-798.340
9068.236	-5068.346	-800.781
30664.945	341.281	-803.223
-10163.562	8604.617	-805.664
-12428.462	2466.915	-808.105
-1648.339	-7550.434	-810.547
-17154.305	-2195.887	-812.988
10688.146	-12432.355	-815.430
-5576.571	232.597	-817.871
-5525.176	-7759.803	-820.313
-7627.244	1042.334	-822.754
-21399.613	11755.837	-825.195
-5227.695	-2697.568	-827.637
-33447.684	-8938.837	-830.078
4899.642	-6889.790	-832.520
-10860.172	426.965	-834.961
-22074.930	13774.531	-837.402
20228.020	-4875.212	-839.844
2735.337	15098.249	-842.285
-14815.344	-348.226	-844.727
-11699.270	-1316.950	-847.168
16742.719	15890.853	-849.609
6662.745	-8022.821	-852.051
4561.085	-512.392	-854.492
15609.915	11598.735	-856.934
-1700.083	10995.665	-859.375
-1601.991	-1548.760	-861.816
-2167.077	10186.260	-864.258
-15451.319	-8929.565	-866.699
7571.430	-15663.768	-869.141
-7542.833	-1434.567	-871.582
-12624.089	-3125.530	-874.023
-5847.171	4500.452	-876.465
-2009.701	-5189.951	-878.906
-1609.045	7780.149	-881.348
9819.449	11955.416	-883.789
10929.214	-1391.245	-886.230
4782.918	12832.791	-888.672
-7963.087	-8545.791	-891.113
564.181	-11231.348	-893.555
-2411.250	6365.672	-895.996
-9490.070	4580.294	-898.438
1611.979	12212.227	-900.879
-14287.224	-3040.932	-903.320
-4341.012	3099.581	-905.762
-4806.214	6432.988	-908.203
-8445.287	15313.215	-910.645
-1237.605	6624.664	-913.086
8754.104	4353.785	-915.527
2024.472	17487.207	-917.969
10003.705	-4144.375	-920.410
1728.403	9051.819	-922.852
345.786	-8128.318	-925.293
531.724	-2773.989	-927.734
14286.385	12683.727	-930.176
5052.557	-3097.565	-932.617
-4351.296	20995.082	-935.059
847.236	4843.061	-937.500
-13114.980	-773.925	-939.941
14278.525	-16880.348	-942.383
20586.283	-18542.090	-944.824
-5634.342	-8025.464	-947.266
-14406.453	9862.296	-949.707
1678.118	10744.226	-952.148
6439.152	2772.303	-954.590
-3412.219	5725.606	-957.031
9794.216	-1092.015	-959.473
-23094.270	-18348.906	-961.914
-1701.121	640.914	-964.355
16017.943	9674.963	-966.797
-8914.539	3158.021	-969.238
-12572.296	-13388.809	-971.680
-29759.445	-9107.409	-974.121
-2590.536	7987.560	-976.563
-3991.421	-18123.551	-979.004
21512.900	1652.373	-981.445
2511.886	25405.625	-983.887
-12903.853	-10214.912	-986.328
14130.473	12168.000	-988.770
-8295.397	-10954.255	-991.211
9605.678	13760.791	-993.652
-1728.808	16795.891	-996.094
-24296.887	-1498.597	-998.535
-5549.538	11034.076	-1000.977
17207.895	-561.040	-1003.418
13138.055	3604.493	-1005.859
-13637.836	3058.181	-1008.301
-952.259	-7252.093	-1010.742
-7466.286	-8863.536	-1013.184
-11753.539	-1683.680	-1015.625
15674.532	-10381.884	-1018.066
-11649.292	-15942.461	-1020.508
5905.265	4238.652	-1022.949
3240.839	-17083.201	-1025.391
1404.751	16134.889	-1027.832
-483.129	2090.028	-1030.273
4433.484	3727.125	-1032.715
-18432.773	30708.902	-1035.156
8923.500	9469.703	-1037.598
-4684.977	-25324.996	-1040.039
5924.005	-3853.003	-1042.480
11895.934	15459.286	-1044.922
4057.587	12008.116	-1047.363
6562.117	7506.878	-1049.805
-6900.900	-8672.988	-1052.246
-17524.057	2541.494	-1054.688
3796.616	-6223.094	-1057.129
8487.087	-4199.820	-1059.570
13338.783	2907.989	-1062.012
12417.295	3236.587	-1064.453
-1787.687	1227.886	-1066.895
10585.785	1851.075	-1069.336
2132.107	-6316.217	-1071.777
-4466.042	-11548.577	-1074.219
-9433.402	12112.849	-1076.660
-526.175	33437.387	-1079.102
-7783.858	5569.789	-1081.543
-12705.417	7550.424	-1083.984
-1951.263	13037.858	-1086.426
5609.643	-9220.200	-1088.867
-8092.758	-25242.820	-1091.309
7030.030	-4627.297	-1093.750
8332.828	5539.564	-1096.191
7277.270	-18769.596	-1098.633
9924.598	-651.157	-1101.074
-10835.126	7811.577	-1103.516
13652.698	-5234.459	-1105.957
-12738.439	-1482.143	-1108.398
-2218.545	-7953.930	-1110.840
4100.651	626.066	-1113.281
6149.508	-6673.465	-1115.723
2152.889	8948.960	-1118.164
-11752.700	-8543.167	-1120.605
-17225.742	-6884.787	-1123.047
-6367.241	18227.213	-1125.488
4949.457	-7488.615	-1127.930
-2729.760	-6690.804	-1130.371
-18256.160	11494.128	-1132.813
-9536.611	11760.761	-1135.254
-6538.411	-2473.709	-1137.695
7488.395	-1944.697	-1140.137
2577.182	5782.124	-1142.578
10270.832	-12163.462	-1145.020
-755.785	1288.927	-1147.461
-1116.774	-13603.928	-1149.902
-3823.056	-3738.934	-1152.344
-5229.502	-11194.952	-1154.785
-25.697	6061.973	-1157.227
18489.029	-2437.246	-1159.668
-15012.459	-5249.960	-1162.109
-13951.770	901.912	-1164.551
289.490	-4643.905	-1166.992
-1678.851	2481.125	-1169.434
7628.735	2283.525	-1171.875
-1794.325	-3091.701	-1174.316
-2552.134	3777.215	-1176.758
6375.621	1743.098	-1179.199
8674.359	-20516.018	-1181.641
-21979.789	13609.662	-1184.082
14108.229	-23303.336	-1186.523
-662.438	1375.212	-1188.965
1215.515	28506.129	-1191.406
-133.827	8168.691	-1193.848
-2602.282	-1355.971	-1196.289
2040.929	4579.981	-1198.730
-18963.391	-8552.438	-1201.172
13572.684	7595.287	-1203.613
3184.908	-10085.156	-1206.055
16492.412	9605.142	-1208.496
-3928.868	-1147.487	-1210.938
-2628.872	-2898.792	-1213.379
21737.957	-2468.499	-1215.820
7889.995	4278.428	-1218.262
6187.941	-205.026	-1220.703
2639.922	-6051.896	-1223.145
11344.479	4007.803	-1225.586
12079.565	-4577.300	-1228.027
10959.773	-13414.066	-1230.469
-5308.787	13584.877	-1232.910
-6514.692	11822.571	-1235.352
7018.390	18106.039	-1237.793
-11372.279	23061.406	-1240.234
-6001.420	-2044.072	-1242.676
-3142.409	20227.244	-1245.117
1659.566	14048.268	-1247.559